1
1
1
1
1
1
1
1
1
1
1
1
1
1
1
1
1
1
1
1
1
1
1
1
1
1
1
1
1
1
1
1
2
2
2
2
2
2
2
2
2
2
2
2
2
2
2
2
2
2
2
3
3
3
3
3
3
3
3
3
3
3
3
3
3
3
3
3
4
4
4
4
4
4
4
4
4
4
4
4
4
4
4
4
4
4
4
4
4
4
4
4
4
4
4
4
4
4
4
4
4
4
4
4
4
4
5
5
5
5
5
5
5
5
5
5
5
5
5
5
5
5
5
5
5
5
5
5
5
5
5
5
6
6
6
6
6
6
6
6
6
6
6
6
6
6
6
6
6
6
6
6
6
7
7
7
7
7
7
7
7
7
7
7
7
7
7
7
7
7
7
7
7
7
7
7
7
7
7
7
8
8
8
8
8
8
8
8
8
8
8
8
8
8
8
8
8
8
8
8
8
8
8
8
8
8
8
8
8
8
8
8
9
9
9
10
10
10
10
10
10
10
10
10
10
10
10
10
10
10
10
10
10
10
10
10
10
10
10
10
10
10
10
10
37
37
37
11
11
11
37
11
37
37
37
37
11
37
11
37
37
11
37
37
37
37
11
37
37
37
11
11
37
11
11
11
11
37
37
11
11
37
11
37
37
37
11
37
37
11
11
11
37
11
37
11
38
38
38
38
12
12
12
38
38
12
12
38
38
12
12
38
12
38
12
38
12
12
38
12
38
38
38
12
12
38
38
38
12
38
12
38
38
12
38
12
38
38
38
12
38
12
12
12
38
12
12
38
38
38
12
12
38
38
38
38
12
12
38
12
12
38
38
38
38
13
39
39
39
13
39
39
13
13
13
13
13
13
39
39
39
13
13
39
39
13
13
13
39
13
39
39
13
13
39
13
13
39
39
13
13
39
13
13
13
13
13
39
39
39
13
39
39
13
39
13
39
13
13
13
13
13
13
13
39
13
40
40
40
40
40
40
40
40
40
40
40
40
40
40
40
40
40
40
40
40
40
40
40
40
40
40
40
40
40
40
40
14
40
14
40
40
40
40
40
14
40
40
40
40
40
14
40
40
40
40
40
40
41
15
15
15
15
41
41
41
41
41
41
15
15
15
15
41
15
15
15
41
41
41
15
15
15
41
15
41
15
41
15
15
15
41
41
15
41
41
15
41
41
15
41
15
15
41
15
15
41
15
15
15
15
15
41
15
15
41
41
15
15
41
15
15
42
42
16
16
16
16
42
42
16
16
16
16
16
16
42
42
42
16
16
42
16
16
16
16
42
16
42
16
16
16
16
42
42
42
16
16
16
42
42
16
16
16
42
42
16
16
16
42
42
16
42
42
42
16
42
16
42
16
42
16
16
42
16
42
16
42
43
17
43
17
17
17
43
17
17
17
17
17
43
17
17
17
17
17
17
17
17
43
43
17
43
17
43
43
17
17
17
17
17
17
17
43
43
17
17
17
43
43
17
43
43
17
17
17
17
43
17
17
43
43
17
43
44
44
18
18
18
18
18
44
18
18
18
44
44
18
18
44
18
18
18
18
44
44
44
18
18
44
18
18
18
44
18
18
18
44
44
44
18
18
18
44
44
18
18
44
44
44
44
44
18
18
18
44
44
44
18
44
45
45
45
45
45
19
19
45
19
45
45
45
19
45
20
20
20
46
46
20
46
20
20
46
20
20
46
46
20
20
46
46
46
46
20
20
20
46
46
46
20
20
20
46
46
20
46
20
46
20
46
20
46
46
46
20
20
21
21
47
47
47
21
21
21
21
47
21
47
21
47
21
21
21
21
47
21
21
47
21
21
47
21
21
21
47
21
21
21
21
47
21
47
47
21
21
21
21
47
47
47
21
47
21
47
21
47
21
21
21
21
21
47
21
21
22
48
22
48
48
22
48
22
22
48
48
48
22
22
22
22
22
22
22
22
48
48
22
22
22
48
22
48
22
22
22
48
22
48
48
22
22
48
48
22
22
48
22
22
48
22
22
22
48
22
22
22
23
23
49
49
23
49
23
49
49
23
49
23
49
23
49
23
23
23
49
49
49
49
23
23
23
23
23
49
23
49
23
23
49
23
23
23
23
23
49
49
49
23
49
23
23
23
23
23
23
23
49
23
49
23
49
50
50
50
24
50
50
24
50
50
24
50
50
50
50
24
24
50
50
24
24
50
24
50
24
24
24
50
24
50
24
24
24
24
24
24
50
24
24
50
50
50
24
50
50
24
50
24
50
50
50
50
24
50
24
50
50
24
50
50
50
50
50
50
24
50
50
50
25
51
25
25
25
25
25
25
25
51
51
51
25
25
51
25
51
25
51
51
51
51
51
25
51
51
25
25
51
25
51
51
25
51
51
51
51
51
25
25
25
25
51
25
51
51
25
25
51
51
25
25
25
25
51
51
25
51
25
25
25
26
52
52
26
26
26
26
52
26
52
26
26
26
52
52
52
52
52
26
26
26
52
52
26
52
52
26
26
26
26
52
52
26
52
52
52
52
52
52
52
52
26
52
26
26
52
26
52
52
26
27
53
53
27
53
53
53
27
53
53
27
27
27
27
53
27
27
27
27
27
53
53
27
27
27
53
27
27
27
53
27
27
27
53
27
53
53
27
54
54
28
28
54
54
28
28
54
28
28
54
28
28
54
54
54
54
54
28
54
54
54
28
28
54
28
28
28
28
54
54
28
54
28
28
54
28
28
28
54
28
54
28
28
28
54
54
28
54
28
28
54
28
28
28
28
29
55
55
29
29
29
55
29
55
29
29
29
55
29
29
29
29
29
55
29
29
55
55
55
29
29
55
29
29
55
55
55
55
29
29
29
55
55
55
55
55
29
29
29
29
55
55
55
55
55
29
55
55
55
29
29
55
55
55
55
55
55
56
56
56
30
56
30
30
56
56
56
56
30
30
30
56
30
30
30
56
56
56
56
30
30
30
56
30
30
56
56
56
56
56
30
30
30
56
56
30
30
56
56
30
30
56
30
30
56
56
56
57
31
57
31
57
57
31
57
31
57
31
57
31
31
57
57
57
31
57
57
31
31
31
57
57
31
31
57
57
57
31
31
31
31
31
57
31
31
31
31
57
31
57
31
31
57
57
57
57
31
57
31
57
57
31
57
57
31
31
57
57
57
31
57
31
31
57
31
57
57
31
32
32
32
32
32
32
32
32
32
32
32
32
32
32
32
32
32
58
32
32
32
32
32
32
32
32
32
32
32
32
32
32
32
32
58
32
58
32
32
32
32
32
32
32
58
32
32
32
32
32
32
32
32
32
58
32
32
32
32
58
32
58
32
59
33
33
33
59
33
33
33
59
59
33
59
59
59
59
33
59
33
33
59
59
33
33
33
33
59
59
59
59
59
33
33
59
59
33
33
59
59
59
33
59
33
33
59
59
33
59
59
59
33
59
33
33
33
59
33
59
59
59
33
33
60
34
34
60
34
34
60
34
34
34
34
34
34
60
34
34
60
34
60
34
34
60
34
34
34
34
34
34
60
34
34
34
34
34
34
34
34
60
34
34
60
34
34
34
34
60
34
34
34
60
34
60
60
34
34
34
34
34
34
34
34
34
60
34
35
61
35
35
35
61
61
35
35
61
35
35
61
35
61
61
61
61
61
61
35
35
61
35
35
61
35
35
61
35
61
61
35
35
61
61
35
35
35
35
35
35
61
61
61
35
61
61
61
35
35
35
35
61
61
61
35
61
62
62
36
62
36
36
62
62
62
36
36
36
62
36
36
62
36
36
36
62
36
36
36
36
36
62
36
36
36
36
36
36
36
36
62
36
62
36
62
62
36
36
36
36
36
62
36
62
36
36
62
36
36
36
36
36
36
36
36
